,0h,2.5h ctrl,2.5h agar,5h ctrl,5h agar
0,19.056205012581785,18.231476742578128,48.198813983465406,19.644660566084795,12.608766087587467
1,11.319396210486204,19.826988396036544,41.4053071296809,12.232297281141928,10.083259836471218
2,15.159946236699705,19.99764999643825,45.03415972191161,15.125119038655884,17.84815602480524
3,25.72000362381664,25.01375157494122,34.31218888228188,13.846738141149247,30.65990879159981
4,23.14441886532596,12.644450311471452,41.99053178846244,20.477899375079154,17.1259337718071
5,46.40720470807375,23.2106062607724,33.34083994583301,26.06544224233853,16.83848267404303
6,13.668483801314986,18.11126461772336,24.16621902978904,14.76839310877788,45.02194371265095
7,21.41399696951852,13.047028733786378,30.55131761622213,12.785894448591376,15.189193282341416
8,15.358843582541931,16.314924321510038,66.43579546416449,16.189683775200155,2.009417580166664
9,22.767094227083174,30.96460355718618,17.87586255241376,23.075329517754312,16.488500770089285
10,24.31316509423336,15.127972181545898,20.74203480078181,16.444666022541455,33.80558802092615
11,13.807006176081412,14.306486196814406,27.56366310065944,12.709810219214962,14.457141880435584
12,20.495555093146063,19.610369067905385,27.14680244241656,15.228555153999132,36.61932268647984
13,21.765073907878207,16.72094876075675,100.75936139930484,7.728322671043369,28.93046822175497
14,26.82634198619199,18.05579551454284,42.58268804166749,11.13633275083602,35.72812521311448
15,11.85624393232427,17.416838871836482,40.955769437555176,16.337624597869805,13.099204977271558
16,19.986412572826826,16.10491247663446,12.44480662782101,12.035856009474978,13.155560208338835
17,8.41732972532346,17.469281015938908,45.69586540003815,14.311500613328564,14.752228112973595
18,11.18841955458047,15.028358898880551,41.54895387230456,17.469526523229963,13.111578258798426
19,6.756653472324271,7.046220909226184,18.183367096143304,8.605590369276554,11.959325250817054
20,16.891190507497726,12.518318117566658,16.052693597378237,11.12899065856969,17.023703429891853
21,14.281563969726388,16.453993482187883,46.815629517477305,12.21545890895152,29.812991468969297
22,17.509996373443187,13.432581905400388,14.81431639207284,15.730742017600734,15.588573385769909
23,21.331809211752883,10.338465109320046,35.81509907080157,12.30649454199533,30.36006166696085
24,18.344769649692523,1.7110229480207966,22.795991214783346,7.048867599719775,9.816694533542812
25,6.515548238225954,13.668881066529597,17.940619919680575,23.83510777849781,28.868664087458907
26,16.07119279705565,6.766464735780959,34.48103380673633,13.370864944879234,24.033249706784115
27,17.2429081000533,3.767762521869879,23.801938084683528,14.100189230510004,23.42319768571729
28,14.308559186633154,14.703150940031636,21.182628309273944,15.621537765908515,49.13241451791651
29,21.241495224527963,17.92074771304484,2.767870732248501,22.02306960432416,16.368736591891036
30,18.47561673218045,11.370153821024784,22.51420708914852,25.093096348966306,12.11869078654345
31,25.14147832802908,13.968136478838932,24.151113820283545,30.34621449555938,37.41207921928715
32,24.329302753594945,8.761536768038333,45.10026063319789,39.6128068522619,14.981090161333464
33,18.112745070046635,6.419394480640129,43.35137857563453,32.71007914273901,20.01753656944275
34,25.74171159643942,11.40817430072477,20.463201381575043,38.33516955754172,2.4453477203132525
35,23.64579946142137,9.134691083782975,34.6786482118625,35.5887788645773,41.1553605559112
36,13.93310416312776,4.528765476155927,42.72360870797452,43.95964890190447,24.003562213225603
37,1.8715780673934832,14.149595896461657,39.39649832752828,30.705918320084784,30.498443923046253
38,22.496037952576486,10.280949897016326,36.90028677657268,14.411881574396151,17.35830881835651
39,23.01232369913225,12.454281120216647,19.11165779412528,49.9239469428352,21.78369643290036
40,21.377541453144595,15.08588433552658,30.856693467605403,28.26235539662019,16.37571473151719
41,14.15873363222313,11.667875515552277,39.27033500733212,21.01525633593846,19.24249700883212
42,28.36086951299753,15.233411358760668,36.99976904516669,22.13264726797196,24.934849174073605
43,18.35406720373245,12.083380636228352,40.14652702968535,29.84807798679649,12.135257163047916
44,17.94482402992862,16.128755971410953,17.248345952132897,36.29079792413682,41.94098291659185
45,19.52691118936645,5.7130451647615095,43.6877874155229,34.99594469994294,11.158541301149771
46,15.808796006034678,16.02277100914279,39.75661897760491,21.78782978009048,22.690280057317487
47,25.292405666858603,14.92676612267338,39.50075243414585,27.085658785773965,28.20619213396933
48,23.299353763749505,15.888585902738155,35.55715931929564,36.16771687671812,16.423886431953797
49,18.88958071565087,18.06806045008277,31.67059880122844,17.20982717596132,16.745610288553625
50,5.711609473277373,18.425967699913816,68.88770568976453,17.759899427703616,21.45550886907776
51,23.89184543267716,14.912280083209344,39.97699548284152,28.74419459220853,19.01457407362409
52,27.65688824255748,12.33563664880723,21.36297038801202,18.59610258033148,10.931618612520571
53,22.301760529226414,13.051229362934246,18.996060989954746,17.108604245038624,14.61760126874251
54,18.87727513940903,17.235910624504903,40.396571592742205,34.21924861723486,13.092334661220796
55,23.59698284007013,9.674453696772584,30.839854221364963,22.119495731690293,14.399114059918306
56,29.205102846014007,14.809747435161269,29.1129173643108,41.58233419721073,22.272946355058448
57,24.388088137170385,23.775342661517826,26.53627189630207,21.691603788946505,27.89580406720937
58,24.69966405816088,31.906577278382173,36.97541189060577,43.14815369567428,21.487752871269432
59,33.306711128655245,19.6182670165914,28.609359371207344,26.496678869633627,13.478700248487364
60,15.451549369323155,8.47174265979332,33.1760275161135,20.481550499131394,17.029661573388744
61,22.66583371603105,15.771463069707218,18.91488569350343,22.449018974619385,20.5321935664601
62,22.9716650228292,17.942913443910303,7.393492151177303,34.13914759038375,18.19039314684388
63,20.899709713604693,17.9865339943636,17.023725477693446,20.055205810533103,16.54284087686912
64,16.728041141287363,19.05137282961696,12.127154622758134,5.7528025350554834,29.669600172188566
65,16.83374828800955,22.36565665179044,37.30821213324157,29.65794783430466,17.820077761606544
66,28.267401839464327,13.235629971788567,14.62689663537266,20.95504743196333,21.245889963918728
67,20.18678093989183,18.98871299583292,15.425679166303384,26.64302644223728,12.115388898827703
68,26.82360191535187,19.445605464746805,26.52307863323676,1.8487696017074464,27.430283792091576
69,,16.665856970251564,40.82429714875948,7.227181071362444,19.67420019920933
70,,17.49802671071698,33.985947288014124,6.57815524581526,24.30632400932388
71,,10.215316313618644,24.89311520761,22.247843769926824,23.406469399007445
72,,17.409284864175948,20.586777621795594,27.230995630796222,24.02207106264311
73,,16.938162636531843,12.836783688167026,2.177599858189866,14.430702761574944
74,,7.581677300642509,39.97017431092295,17.26208621740137,18.788613887775984
75,,21.014494927466647,8.339683827679407,21.72569313979693,13.389783890866449
76,,14.261838963876045,23.399403625075685,0.5134804105682194,
77,,16.24231432572042,23.170411040186337,38.52598477877682,
78,,16.27232859309648,18.063594411602946,16.1122873681266,
79,,16.63811573549352,10.529726946603928,12.156909473328668,
80,,25.98280677354359,20.14640683774051,25.02873256765629,
81,,19.458002335277403,36.478530292844844,22.667795614816217,
82,,13.38936680002756,14.6498701166562,36.79993508699684,
83,,15.387030443671303,17.633473189303515,11.953546841316568,
84,,19.473995560256707,31.7473489240915,21.22298110235116,
85,,14.837603656657889,14.845107631727302,27.507045349248955,
86,,12.160874502812032,20.58218573678204,25.455072800964786,
87,,,8.24197293565388,17.384903560417083,
88,,,1.2372198701986663,24.179297102144734,
89,,,48.23539094489856,18.405547702618243,
90,,,19.68389718492841,14.07977161183058,
91,,,48.26948195789006,17.538691946111257,
92,,,7.239235233051946,13.83034151953851,
93,,,3.599007569881942,8.81663264366323,
94,,,20.58140408321284,13.422157546144676,
95,,,19.94769537412696,47.8591093879986,
96,,,3.927901877957608,16.802983043330773,
97,,,24.898062157618536,7.154264822781163,
98,,,27.37947541134463,28.326396703136165,
99,,,15.885521443440748,1.6759058276536642,
100,,,12.481585326018848,15.401403959862709,
101,,,11.943894001107276,14.49699764008997,
102,,,18.44303719267761,4.161161910662879,
103,,,16.64491234391062,17.18566483085033,
104,,,11.621492410628717,14.426943090494772,
105,,,,33.832355964002254,
106,,,,16.48095587355466,
107,,,,12.21440631706288,
108,,,,7.921652409192453,
109,,,,4.48284583895524,
110,,,,1.394968019684164,
111,,,,25.92293725832788,
112,,,,6.961163231949164,
113,,,,3.105961827428388,
114,,,,12.826055656099932,
115,,,,47.10943540531997,
116,,,,12.590519235043407,
117,,,,19.140670576573964,
118,,,,20.29968400855157,
119,,,,19.47324765656427,
120,,,,12.20942210780172,
121,,,,20.03732067421514,
122,,,,13.822170960230125,
123,,,,9.350623794282562,
124,,,,10.22729821321105,
125,,,,16.35197168377878,
126,,,,21.64593266235014,
127,,,,10.586888157249293,
128,,,,26.783453517242418,
129,,,,3.964962714597045,
130,,,,7.421859246615898,
131,,,,2.8656779301833306,
132,,,,7.80218161922198,
133,,,,6.349051298653064,
134,,,,10.340541187616296,
135,,,,3.256049214894527,
136,,,,16.81842081168833,
137,,,,9.315454887754695,
138,,,,8.766231266021284,
139,,,,1.6153997499818906,
140,,,,54.24740921004355,
141,,,,16.091248254254545,
142,,,,10.16329080117278,
143,,,,21.158754136390776,
144,,,,12.208780540568604,
145,,,,1.0585534623351422,
146,,,,12.086721261188458,
147,,,,22.264991334387176,
148,,,,8.105544215534877,
149,,,,16.178026348408817,
150,,,,6.785251135543436,
151,,,,14.900065783549184,
152,,,,18.77769257008214,
153,,,,9.770743531089822,
154,,,,19.113433338909736,
