,0h,2.5h ctrl,2.5h agar,5h ctrl,5h agar
0,17.017825751219153,18.33346905841832,33.91822454668607,16.70048124183697,15.646933286669713
1,14.440560291485086,18.99029901003752,25.06155608138452,17.906553862970704,13.933631661271926
2,15.894686453135495,18.11555435538792,25.6955636923259,15.672995063283652,18.4029448527002
3,20.215212155570395,22.01273218918241,22.6300007601326,17.014357231759952,23.011182139202884
4,20.56049721816367,17.025780889054147,26.591408272035483,17.84294676752194,18.37697501687608
5,26.38991027623622,20.291528361634125,22.573982368016004,19.886078832896885,18.339403325042344
6,14.50349030436794,17.857762811747605,20.03606784653872,14.058101126866406,30.99408688611785
7,22.71012100597688,13.767567823691165,21.137433312783056,15.044863875465673,18.398166983387902
8,19.38255998638919,16.13870982978249,30.356300868545407,17.01765668693867,5.310004578809261
9,18.354049487283955,21.43576180196011,17.16080680554754,19.285316687625464,19.97996841076474
10,18.97831843906214,17.01207020236016,20.93254478935152,22.5244369089341,22.18371363746057
11,15.5783445612517,15.27140094492563,19.485401556409407,16.31439777211857,17.43868497711357
12,18.79321668585716,17.3582016828893,23.582623247200512,18.298722177154712,24.84871145149456
13,18.92126414631,15.984284453788256,38.54351428976327,10.459351370336636,21.15225290318949
14,20.47303158180884,17.194539605609627,25.19788559684896,14.087996693348408,24.5717822911
15,15.12254666680375,16.66204661852303,24.34299138835572,15.94151679587262,14.871338869039633
16,19.57008085953261,15.581798183108008,15.184126181369738,13.927374840409996,17.01288818535922
17,12.04268843110408,16.514879651253118,30.175561576854225,14.657710847760058,17.982958145420856
18,13.481754250208686,15.083145186062886,29.707539663558443,16.273191898423818,16.659488445602076
19,10.208454937567918,10.552152062861428,20.691562461217067,11.24408126606988,16.01022273519824
20,17.409024098547807,15.429055937352016,18.11590363049169,13.61723393364804,17.16052202935027
21,17.08725612016895,15.68944670106482,26.493590277547764,13.045761933034576,23.20431211246905
22,16.763528807872294,14.618476474121213,17.634289773567794,15.056259180129484,15.874422030682346
23,19.73147418528913,13.901081713527327,24.38876850173217,15.150575918616452,23.77798372057316
24,19.00244014464116,5.003144945487164,23.497902940736186,10.142391906648314,13.960850383101995
25,10.0482612518885,16.66521584660983,17.90225279544934,20.40474474251689,21.74747321758063
26,19.40163223066758,11.19132723270489,22.34564611032524,15.483271080105078,21.539595181354954
27,19.974353052276022,8.377235659714838,22.58403005283384,14.62676051314821,22.18034536287493
28,16.726770662762565,17.163901988580907,20.84907881395497,15.540637339141687,33.281338584164764
29,20.81850787617909,20.60893289369208,12.06197556974272,10.666797268130198,16.74854011535688
30,16.1674815899758,15.12615823785139,18.57332544865696,11.660318448731491,19.131401589433583
31,20.35639143084568,17.39761103760705,19.0803262591456,17.871864705598295,23.40731641694809
32,20.766177618210715,12.793410273090489,25.77434052917321,20.163435608043883,18.537101019140124
33,16.74947192146738,10.871474490427852,25.5071650484172,6.86399710261645,20.515240864984875
34,22.10944571384509,15.51559392919493,21.20765863529239,16.044481989128837,6.651636291496225
35,21.79706458309916,14.325514845323776,22.711038625240928,19.298843955333005,30.02280847836913
36,14.81865686600415,8.696068259943036,23.949850529462047,2.947270420703384,20.397849375267164
37,5.089788060564598,16.282636642989093,23.61854519931072,24.30651000512018,26.177881586533992
38,19.39434390117562,14.976586902917187,24.642940437036405,17.17750672844618,17.513419943433576
39,21.276081384563,17.80735875259171,17.893624004131983,19.62039785562224,18.895985231613324
40,18.25943988826624,20.10699506523231,22.08673345838695,20.53319616680226,15.892868328024782
41,13.903837360519695,16.92114974131292,24.3093618237211,18.58251354917023,18.04078928455371
42,25.7386833264061,18.15373237673479,23.541182295032176,24.077693464454484,20.752844091369944
43,19.714729531009265,16.045801380656354,24.9912241086358,13.83556574128599,15.304418628214432
44,16.676161976297283,19.682406387287426,17.792698655409676,19.32230368216934,24.3195316892557
45,17.232116489166508,10.990683534130694,25.477194896395567,23.51098544806149,14.849296773464308
46,14.865054070601886,18.21095314864142,23.68834010925013,20.396622226529733,22.643160690353305
47,23.75264420862391,16.227449768701057,23.83352516962756,18.29967095011087,20.35616220861277
48,20.0683392948128,15.133894759247704,23.296071083541385,22.185399316416685,17.21965026723538
49,19.61430806390821,16.539756087382067,21.201110323076577,16.787251115570754,21.41610880949564
50,9.746549658888927,16.76634124320428,33.021056983142664,15.057951061571885,20.322527600705808
51,20.351240586515,15.775672847945224,24.30070602074504,16.60514495515722,18.185867933683387
52,23.98681080715785,14.951363674262714,19.23805420657503,14.519541258106011,14.391037627911183
53,22.409292336311587,14.09062484015085,16.37179211587211,12.271083863678104,15.670710437202551
54,16.21663198368814,17.587325049059295,27.115764746187136,15.055468519664224,14.563499332495326
55,19.0634378685608,13.03153413887133,22.470402748038985,26.78392846268812,16.20605071063362
56,25.84118346574081,16.084187824831535,21.907513761672465,16.023390670920996,20.8789994036196
57,20.82013405791309,19.565954272292856,22.99192191164521,10.60755742306726,23.25959303064419
58,22.479072793943843,23.475557542992217,25.278346232941217,22.353720411931857,18.345018325312232
59,25.796839943205825,18.33030673847825,25.94870269704345,5.817836082000256,15.07544074907969
60,16.707097435947354,12.52752547992542,22.59203696755989,15.705904500075164,17.36132154236874
61,19.009627677764986,15.74023292551939,18.79264071532775,15.729582969846538,18.98088610700292
62,19.288462150078235,17.913719550934967,10.929815137535638,8.557307412703345,18.513684228177485
63,19.977259716619727,16.62346966640045,16.491853906963186,15.751587431797828,22.763148687780824
64,17.61058410976028,18.244498536248635,13.83302286297286,18.502237969452924,22.155518153881943
65,16.060533278328066,20.156053029724504,25.552911749349548,25.68046272405585,16.67277628760946
66,21.23762730859072,7.176825410980062,15.77507450866392,18.914878738687225,18.98686298957846
67,20.56220803690936,17.108733502282004,16.931590472367734,15.430846610145824,16.86220183585419
68,23.189586439327705,22.078761110764432,19.884789547403624,11.038968729009234,21.76415050308344
69,,16.942324741740894,27.2365617905926,8.122466702180349,18.02865234305316
70,,18.95810928418908,23.578705830876554,4.704893980796892,19.48000224293366
71,,22.354629235216223,21.520275355071178,19.82785948334708,20.55132306285505
72,,20.72236828373522,18.889771008394124,10.14735701617333,21.94221607317492
73,,15.762748780124284,18.277832149711827,7.263085836740437,16.63035720405884
74,,20.10136696740044,25.00664076675972,16.163596891268305,20.2975256822986
75,,19.708201727439903,11.873184420935392,26.374807185367622,14.716356091177234
76,,19.28618042503556,19.83513511909517,15.152488948307855,
77,,17.15400160816944,19.076377260507098,18.28846962976013,
78,,18.215038716851613,17.18620275152017,18.945242746174024,
79,,18.196719955502736,13.69114081191656,18.543487775314688,
80,,10.75825500943311,18.39868980335588,13.722576458403871,
81,,14.12917422640028,26.420064257861803,18.66132652938527,
82,,17.52378430269875,16.292138459775753,16.066141776237824,
83,,15.670968634862795,18.124618759353908,14.26368220503318,
84,,15.306617076640858,21.391994456688785,14.706717187452758,
85,,13.875853869438838,17.284098889338118,18.05053234314341,
86,,13.862652257319873,18.953812535472714,18.329221057436165,
87,,16.892833321948086,11.302930227739088,13.029584426852598,
88,,,4.545259754392284,24.46738496381725,
89,,,26.63029346317967,8.20622658457596,
90,,,17.488100424294238,10.758882067287246,
91,,,27.152446459526843,7.035725584378149,
92,,,10.5473016655338,11.015383677298132,
93,,,7.531890864850852,9.55511468628386,
94,,,19.61674051958716,14.7880294610804,
95,,,17.112804250955655,7.802882199170062,
96,,,7.925000672452202,16.65313012431048,
97,,,20.94944574584124,11.54019140062498,
98,,,23.496807832334465,11.576057807091702,
99,,,16.729088300119894,4.765238562787143,
100,,,17.002273853209374,33.8424395596244,
101,,,13.725250540752011,17.97029113720589,
102,,,18.65935210772748,15.845070025813216,
103,,,17.998236816544715,17.548662971104722,
104,,,13.846043453947685,15.45990934363168,
105,,,,4.123989057829604,
106,,,,14.180571553611973,
107,,,,20.78895070122321,
108,,,,15.332215944253443,
109,,,,18.00467050644217,
110,,,,10.505468104284711,
111,,,,16.351548053122617,
112,,,,16.748367054554908,
113,,,,13.68023122916772,
114,,,,18.709985561829736,
115,,,,17.88428288676605,
116,,,,18.8032562800372,
117,,,,21.01035761986567,
118,,,,24.03847979943943,
119,,,,21.86091844784004,
120,,,,25.02650931300609,
121,,,,23.58767497030124,
122,,,,25.95278692230645,
123,,,,21.32606876966976,
124,,,,14.69963561384724,
125,,,,26.2420073604024,
126,,,,20.516772770912453,
127,,,,18.64964478525105,
128,,,,18.46764547986484,
129,,,,20.220597935596675,
130,,,,22.64239016631716,
131,,,,22.289592473143312,
132,,,,18.56505691944518,
133,,,,20.439136323248555,
134,,,,22.64466384721609,
135,,,,16.30284309521773,
136,,,,17.65094094176592,
137,,,,19.98080119758809,
138,,,,17.60928048270055,
139,,,,16.63489953951217,
140,,,,21.563616403622653,
141,,,,17.506179679674734,
142,,,,24.601725388795646,
143,,,,19.37577839093315,
144,,,,24.8293747729364,
145,,,,20.678147691574782,
146,,,,18.191453025707343,
147,,,,18.05416442051774,
148,,,,22.783175340864823,
149,,,,16.992379256433544,
150,,,,10.798761469195354,
151,,,,20.142767487771835,
152,,,,17.797465261875846,
153,,,,19.78941752085032,
154,,,,5.458106629145368,
